10101001-001
10101001-002
10101001-003
10101001-011
10101011-001
10101011-051
10101012-001
10101012-051
10101013
10101014
10101023
10101024
10101028
10101031
10101032
10101041
10101042
10101043
10101044
10101061
10101062
10101065
10101069
10101071
10101072
10101079
10101081
10101082
10101083
10101084
10101091
10101123
10101145
10101146
10101147
10101152
10101153
10101154
10101162
10101172
10101181
10101182
10101187
10101188
10101201
10101203
10101204
10101210
10101211
10101212
10101215
10101219
10101220
10101233
10101234
10101291
10101292
10101298
10101299
10101302
10101304
10101321
10101322
10101323
10101324
10101325
10101331
10101332
10101333
10101334
10101335
10101336
10101339
10101340
10101380
10101381
10101384
10101385
10101386
10101387
10101388
10101389
10101391
10101392
10101399-001
10101399-002
10101399-004
10101399-005
10101399-006
10101399-007
10101399-008
10101399-009
10101399-010
10101399-011
10101399-012
10101399-013
10101399-014
10101399-015
10101399-101
10101399-102
10101399-104
10101399-105
10101399-106
10101399-107
10101399-108
10101399-109
10101399-110
10101399-111
10101399-112
10101399-113
10101399-114
10101399-115
10101521
10101522
10101523
10101524
10101931
10102103
10102104
10102105
10102107
10102108
10102109
10102111
10102112
10102133
10102134
10102135
10102136
10102139
10102140
10102162
10102167
10102168
10102171
10102172
10102173
10102195
10102196
10102197
10102198
10102221
10102222
10102226
10102227
10102231
10102232
10102233
10102234
10102255
10102256
10102258
10102301
10102302
10102303
10102304
10102305
10102306
10102309
10102310
10102313
10102314
10102321
10102322
10102323
10102324
10102325
10102326
10102327
10102328
10102345
10102346
10102347
10102348
10102431
10102437
10102438
10103001-001
10103001-002
10103001-003
10103001-011
10103021-001
10103021-051
10103022-001
10103022-051
10103025
10103026
10103031
10103032
10103033
10103034
10103041
10103042
10103053
10103054
10103061
10103062
10103071
10103072
10103101
10103102
10103111
10103115
10103121
10103122
10103141
10103142
10103145
10103146
10103147
10103151
10103155
10103163
10103164
10103173
10103174
10103191
10103192
10103211
10103221
10103222
10103231
10103232
10103233
10103234
10103241
10103253
10103261
10103262
10103273
10103274
10103296
10103301
10103313
10103314
10103315
10103321
10103322
10103327
10103331
10103332
10103353
10103354
10103357
10103358
10103391
10103392
10103393
10103412
10103451
10103452
10103463
10103464
10103471
10103472
10103501
10103502
10103511
10103512
10103523
10103524
10103527
10103528
10103531
10103532
10103551
10103552
10103563
10103564
10103573
10103574
10103603
10103604
10103611
10103612
10103621
10103622
10103631
10103641
10103666
10103667
10103681
10103682
10103683
10103684
10103685
10103686
10103705
10103706
10103707
10103708
10103753
10103754
10103801
10103802
10103811
10103812
10103821
10103822
10103831
10103832
10103853
10103854
10103856
10103857
10103901
10103911
10103912
10103913
10103914
10103915
10103916
10103917
10103918
10103919
10103920
10103921
10103922
10103980
10104001
10104011
10104012
10104101
10104102
10104105
10104106
10104201
10104202
10104211
10104212
10104221
10104222
10104231
10104232
10104233
10104234
10104301
10104302
10104305
10104306
10104321
10104322
10104323
10104324
10104325
10104326
10104401
10104402
10104411
10104412
10104501
