10101001-001
10101001-002
10101001-003
10101001-011
10101011-001
10101011-051
10101012-001
10101012-051
10101013
10101014
10101015
10101016
10101028
10101031
10101032
10101039
10101040
10101043
10101044
10101067
10101068
10101073
10101074
10101075
10101076
10101078
10101081
10101082
10101083
10101084
10101091
10101111
10101112
10101121
10101122
10101123
10101125
10101126
10101141
10101145
10101152
10101153
10101154
10101175
10101179
10101180
10101185
10101186
10101201
10101202
10101204
10101207
10101215
10101221
10101223
10101231
10101232
10101291
10101292
10101296
10101297
10101305
10101306
10101321
10101322
10101323
10101324
10101331
10101332
10101333
10101334
10101335
10101336
10101339
10101340
10101380
10101381
10101384
10101385
10101386
10101387
10101388
10101389
10101391
10101392
10101399-001
10101399-002
10101399-003
10101399-004
10101399-005
10101399-006
10101399-007
10101399-008
10101399-009
10101399-010
10101399-011
10101399-012
10101399-014
10101399-015
10101399-101
10101399-102
10101399-103
10101399-104
10101399-105
10101399-106
10101399-107
10101399-108
10101399-109
10101399-110
10101399-111
10101399-112
10101399-114
10101399-115
10101511
10101512
10101515
10101516
10101931
10102101
10102102
10102103
10102104
10102105
10102106
10102107
10102108
10102109
10102110
10102111
10102112
10102137
10102138
10102163
10102164
10102171
10102172
10102195
10102196
10102197
10102198
10102199
10102200
10102222
10102225
10102226
10102227
10102231
10102232
10102233
10102234
10102253
10102254
10102257
10102301
10102302
10102303
10102304
10102305
10102306
10102309
10102310
10102313
10102314
10102321
10102322
10102323
10102324
10102325
10102326
10102327
10102328
10102345
10102346
10102347
10102348
10102431
10102437
10102438
10103001-001
10103001-002
10103001-003
10103001-011
10103021-001
10103021-051
10103022-001
10103022-051
10103023
10103024
10103031
10103032
10103033
10103034
10103041
10103042
10103051
10103052
10103063
10103064
10103073
10103074
10103101
10103102
10103111
10103115
10103121
10103122
10103141
10103142
10103145
10103146
10103147
10103151
10103155
10103161
10103162
10103171
10103172
10103183
10103184
10103193
10103194
10103201
10103211
10103231
10103233
10103234
10103252
10103263
10103264
10103271
10103272
10103301
10103311
10103312
10103315
10103323
10103325
10103327
10103351
10103352
10103355
10103356
10103381
10103412
10103451
10103452
10103461
10103462
10103473
10103474
10103501
10103502
10103511
10103512
10103513
10103514
10103521
10103522
10103523
10103524
10103527
10103528
10103531
10103532
10103571
10103572
10103601
10103602
10103611
10103612
10103631
10103641
10103661
10103662
10103681
10103682
10103683
10103684
10103685
10103686
10103703
10103704
10103752
10103754
10103802
10103803
10103811
10103812
10103821
10103822
10103831
10103832
10103851
10103852
10103855
10103857
10103901
10103911
10103912
10103913
10103914
10103915
10103916
10103917
10103918
10103919
10103920
10103921
10103980
10104001
10104011
10104012
10104103
10104104
10104107
10104108
10104201
10104202
10104211
10104212
10104221
10104222
10104231
10104232
10104233
10104234
10104301
10104302
10104321
10104322
10104323
10104324
10104325
10104326
10104401
10104402
10104411
10104412
10104501
